	HC1	HC2	HC3	HC4	C1	C2	C3	C4	C5	S1	S2	S3	S4	S5	S6	S7	S8	S9	S10
novel_circ_0010615	0	0	0	0	0	517.0965031	225.869598	0	252.9884258	0	0	0	0	0	0	0	0	0	0
hsa_circ_0006602	0	135.5151269	0	0	258.5426811	129.2741258	0	335.9291495	0	0	0	0	0	0	0	0	0	0	0
novel_circ_0002798	0	0	0	0	0	0	527.0290619	0	442.7297451	0	0	0	0	0	0	0	0	0	0
hsa_circ_0002434	0	0	0	0	86.1808937	258.5482516	0	213.7730951	0	0	0	0	0	0	0	0	0	0	0
hsa_circ_0001159	143.5801716	0	0	0	86.1808937	0	0	274.8511223	189.7413193	0	0	0	0	0	0	0	0	0	0
hsa_circ_0011137	0	0	0	0	517.0853622	517.0965031	0	0	126.4942129	0	0	0	0	0	0	0	0	164.4646675	0
novel_circ_0001803	0	67.75756344	75.47169811	0	172.3617874	323.1853145	225.869598	183.2340815	0	0	0	0	0	0	0	0	77.02973348	0	0
hsa_circ_0009069	0	0	0	0	129.2713405	258.5482516	0	122.1560544	0	0	0	0	0	0	0	0	0	0	0
novel_circ_0002066	0	0	0	0	86.1808937	387.8223774	376.4493299	0	252.9884258	0	0	0	0	0	0	0	0	0	138.6898433
hsa_circ_0021570	0	67.75756344	0	0	0	0	376.4493299	335.9291495	0	0	0	0	0	41.32829128	0	0	0	0	0
hsa_circ_0036997	0	0	0	0	0	0	451.7391959	274.8511223	0	0	0	0	0	0	0	0	77.02973348	0	0
novel_circ_0014266	0	0	188.6792453	0	172.3617874	0	0	427.5461903	126.4942129	0	0	0	0	0	0	0	115.5446002	0	0
hsa_circ_0027459	0	0	0	0	0	129.2741258	0	335.9291495	316.2355322	0	0	0	0	0	0	0	0	0	138.6898433
novel_circ_0007030	0	0	0	0	0	258.5482516	301.1594639	152.6950679	0	0	0	0	0	0	0	0	0	109.6431117	0
hsa_circ_0002215	0	0	0	0	172.3617874	193.9111887	0	213.7730951	0	0	0	0	0	41.32829128	0	0	0	0	0
novel_circ_0012231	0	0	0	0	172.3617874	0	0	335.9291495	189.7413193	0	0	0	0	0	0	0	0	164.4646675	0
novel_circ_0012194	0	67.75756344	0	101.1736139	129.2713405	0	451.7391959	91.61704077	442.7297451	0	0	0	0	0	0	0	0	219.2862233	0
novel_circ_0006976	71.79008579	0	0	0	0	0	301.1594639	91.61704077	316.2355322	0	0	0	0	0	0	0	77.02973348	0	0
hsa_circ_0007476	0	0	150.9433962	0	344.7235748	517.0965031	150.579732	794.0143533	126.4942129	0	0	0	0	0	0	0	0	383.7508909	0
hsa_circ_0006884	0	0	0	0	86.1808937	323.1853145	0	244.3121087	126.4942129	73.40347443	0	0	0	0	0	0	77.02973348	0	0
hsa_circ_0004870	0	203.2726903	0	0	517.0853622	0	451.7391959	1618.56772	505.9768516	48.93564962	0	55.41394215	0	82.65658256	78.29218644	0	0	383.7508909	92.45989552
hsa_circ_0001097	0	0	0	0	129.2713405	258.5482516	0	152.6950679	126.4942129	0	0	0	0	0	0	0	154.059467	0	0
novel_circ_0010616	0	0	0	0	215.4522342	517.0965031	752.8986598	152.6950679	252.9884258	0	0	0	0	0	0	0	154.059467	0	231.1497388
hsa_circ_0011572	0	0	0	0	86.1808937	258.5482516	752.8986598	183.2340815	0	0	0	0	0	0	0	0	115.5446002	164.4646675	0
hsa_circ_0001147	0	0	0	0	172.3617874	0	0	977.2484349	0	0	80.22462896	0	0	0	0	0	154.059467	109.6431117	0
hsa_circ_0009024	0	0	0	151.7604209	430.9044685	904.9188805	376.4493299	1129.943503	442.7297451	0	0	0	142.1935729	0	104.3895819	424.0882103	0	0	184.919791
hsa_circ_0002454	358.9504289	135.5151269	0	0	129.2713405	0	451.7391959	2107.191938	126.4942129	97.87129924	0	0	94.79571523	123.9848738	0	0	0	219.2862233	277.3796866
novel_circ_0004999	0	0	0	0	215.4522342	0	0	1252.099557	0	0	106.9661719	0	47.39785762	0	208.7791638	0	0	164.4646675	0
hsa_circ_0002837	0	0	0	0	0	0	225.869598	671.858299	189.7413193	48.93564962	133.7077149	0	0	0	0	0	154.059467	0	0
hsa_circ_0001023	0	0	113.2075472	0	0	258.5482516	150.579732	885.6313941	0	0	0	193.9487975	0	165.3131651	52.19479096	0	0	0	0
hsa_circ_0006459	0	0	0	0	430.9044685	193.9111887	0	366.4681631	379.4826387	0	0	0	0	41.32829128	0	0	192.5743337	219.2862233	0
novel_circ_0002576	143.5801716	0	113.2075472	0	129.2713405	193.9111887	225.869598	61.07802718	442.7297451	48.93564962	0	0	0	82.65658256	52.19479096	121.1680601	0	0	0
hsa_circ_0001340	107.6851287	0	301.8867925	0	215.4522342	193.9111887	451.7391959	122.1560544	252.9884258	0	0	0	0	0	104.3895819	0	77.02973348	219.2862233	0
hsa_circ_0003848	0	0	188.6792453	0	172.3617874	0	1054.058124	122.1560544	758.9652773	48.93564962	0	55.41394215	0	61.99243692	0	181.7520901	0	0	323.6096343
hsa_circ_0003550	0	0	0	0	517.0853622	840.2818176	301.1594639	763.4753397	695.7181709	0	0	0	0	0	0	363.5041803	539.2081343	0	277.3796866
novel_circ_0003965	143.5801716	101.6363452	150.9433962	0	473.9949153	711.0076918	150.579732	946.7094213	0	0	0	0	47.39785762	0	0	0	346.6338006	164.4646675	369.8395821
novel_circ_0004533	107.6851287	0	0	252.9340348	301.6331279	452.4594402	225.869598	213.7730951	442.7297451	0	0	55.41394215	0	0	0	0	308.1189339	219.2862233	0
hsa_circ_0001445	215.3702574	406.5453806	339.6226415	202.3472278	473.9949153	323.1853145	0	1893.418843	316.2355322	73.40347443	0	0	142.1935729	41.32829128	0	363.5041803	500.6932676	0	277.3796866
hsa_circ_0008058	143.5801716	67.75756344	113.2075472	0	86.1808937	387.8223774	0	1343.716598	0	146.8069489	133.7077149	0	71.09678643	61.99243692	52.19479096	0	154.059467	0	231.1497388
hsa_circ_0002473	0	0	0	0	172.3617874	129.2741258	1054.058124	763.4753397	0	0	0	0	94.79571523	0	0	302.9201502	269.6040672	0	184.919791
hsa_circ_0008870	0	203.2726903	0	0	215.4522342	517.0965031	527.0290619	580.2412582	189.7413193	0	0	0	47.39785762	0	0	424.0882103	231.0892004	0	231.1497388
hsa_circ_0004851	0	0	113.2075472	0	517.0853622	904.9188805	225.869598	274.8511223	252.9884258	0	0	0	0	0	0	302.9201502	308.1189339	274.1077792	92.45989552
hsa_circ_0001380	502.5306005	542.0605075	566.0377358	101.1736139	2499.245917	2779.393704	0	1649.106734	2656.378471	269.1460729	160.4492579	387.897595	236.9892881	619.9243692	156.5843729	0	0	0	2403.957284
hsa_circ_0001148	0	0	150.9433962	0	258.5426811	0	301.1594639	610.7802718	316.2355322	48.93564962	80.22462896	0	0	61.99243692	0	121.1680601	192.5743337	109.6431117	184.919791
hsa_circ_0001400	358.9504289	135.5151269	301.8867925	0	3274.87396	6269.795101	1806.956784	763.4753397	948.7065967	48.93564962	160.4492579	138.5348554	165.8925017	61.99243692	78.29218644	1575.184781	2927.129872	0	970.828903
hsa_circ_0004821	0	0	0	0	301.6331279	258.5482516	150.579732	183.2340815	569.223958	0	0	55.41394215	0	0	78.29218644	242.3361202	154.059467	219.2862233	0
hsa_circ_0001790	179.4752145	67.75756344	0	0	430.9044685	581.733566	376.4493299	335.9291495	505.9768516	48.93564962	80.22462896	83.12091322	118.494644	0	0	0	346.6338006	274.1077792	92.45989552
novel_circ_0003397	143.5801716	101.6363452	528.3018868	101.1736139	172.3617874	258.5482516	301.1594639	1099.404489	379.4826387	48.93564962	0	110.8278843	94.79571523	227.305602	260.9739548	181.7520901	192.5743337	109.6431117	0
hsa_circ_0005231	358.9504289	67.75756344	150.9433962	202.3472278	258.5426811	323.1853145	150.579732	458.0852038	316.2355322	97.87129924	80.22462896	277.0697107	47.39785762	144.6490195	0	0	0	109.6431117	0
hsa_circ_0001069	71.79008579	67.75756344	188.6792453	252.9340348	517.0853622	840.2818176	225.869598	274.8511223	252.9884258	73.40347443	80.22462896	138.5348554	71.09678643	61.99243692	0	121.1680601	192.5743337	274.1077792	92.45989552
hsa_circ_0000711	0	0	0	0	646.3567027	711.0076918	0	2412.582074	189.7413193	97.87129924	106.9661719	249.3627397	94.79571523	61.99243692	0	242.3361202	962.8716685	219.2862233	554.7593731
hsa_circ_0000175	0	101.6363452	0	0	430.9044685	323.1853145	527.0290619	0	822.2123838	146.8069489	0	166.2418264	71.09678643	123.9848738	0	302.9201502	0	164.4646675	138.6898433
novel_circ_0011547	0	169.3939086	113.2075472	0	215.4522342	258.5482516	602.3189279	91.61704077	695.7181709	0	80.22462896	55.41394215	189.5914305	103.3207282	0	0	154.059467	219.2862233	138.6898433
hsa_circ_0000437	825.5859866	779.2119795	1056.603774	708.2152975	1508.16564	2133.023075	677.6087939	6168.880745	1707.671874	440.4208466	454.6062308	443.3115372	473.9785762	289.298039	287.0713503	3877.377923	1116.931135	1206.074228	739.6791642
hsa_circ_0000799	143.5801716	0	0	0	0	711.0076918	1505.79732	1985.035883	822.2123838	122.3391241	133.7077149	110.8278843	142.1935729	103.3207282	182.6817684	0	1039.901402	1041.609561	369.8395821
hsa_circ_0001519	251.2653003	372.6665989	150.9433962	354.1076487	0	258.5482516	451.7391959	2320.965033	189.7413193	367.0173722	106.9661719	471.0185083	284.3871457	227.305602	234.8765593	121.1680601	192.5743337	109.6431117	369.8395821
hsa_circ_0030720	1040.956244	1185.75736	1886.792453	1163.49656	1249.622959	1809.837761	1054.058124	2626.355169	1075.20081	195.7425985	374.3816018	581.8463926	189.5914305	619.9243692	469.7531186	666.4243305	847.3270682	767.5017817	832.1390597
hsa_circ_0001329	251.2653003	169.3939086	113.2075472	0	560.175809	258.5482516	301.1594639	732.9363262	379.4826387	73.40347443	0	110.8278843	47.39785762	123.9848738	130.4869774	181.7520901	192.5743337	383.7508909	416.0695298
hsa_circ_0000681	107.6851287	135.5151269	113.2075472	0	86.1808937	711.0076918	301.1594639	1526.950679	252.9884258	73.40347443	401.1231448	138.5348554	165.8925017	123.9848738	182.6817684	545.2562704	192.5743337	493.3940025	0
hsa_circ_0008193	430.7405147	338.7878172	226.4150943	404.6944557	861.808937	1422.015384	602.3189279	1679.645747	948.7065967	220.2104233	213.9323439	249.3627397	189.5914305	123.9848738	78.29218644	1151.096571	0	1096.431117	924.5989552
hsa_circ_0008272	143.5801716	67.75756344	226.4150943	0	215.4522342	323.1853145	225.869598	488.6242174	252.9884258	146.8069489	106.9661719	166.2418264	94.79571523	61.99243692	52.19479096	0	115.5446002	219.2862233	138.6898433
hsa_circ_0000369	71.79008579	67.75756344	75.47169811	0	344.7235748	258.5482516	451.7391959	1068.865476	442.7297451	318.0817225	0	332.4836529	118.494644	165.3131651	130.4869774	121.1680601	269.6040672	274.1077792	277.3796866
hsa_circ_0000118	143.5801716	846.969543	301.8867925	303.5208418	3317.964407	3555.038459	2936.304773	6077.263704	1960.6603	269.1460729	160.4492579	831.2091322	260.6882169	268.6338933	417.5583277	2362.777172	3389.308273	3124.828683	3236.096343
hsa_circ_0003258	179.4752145	203.2726903	339.6226415	455.2812626	215.4522342	581.733566	527.0290619	183.2340815	695.7181709	146.8069489	0	193.9487975	142.1935729	144.6490195	78.29218644	302.9201502	308.1189339	219.2862233	0
hsa_circ_0006665	107.6851287	237.151472	75.47169811	252.9340348	1034.170724	1357.378321	527.0290619	152.6950679	1517.930555	122.3391241	187.1908009	166.2418264	71.09678643	123.9848738	52.19479096	605.8403005	693.2676013	822.3233375	508.5294254
hsa_circ_0001085	251.2653003	237.151472	339.6226415	101.1736139	301.6331279	387.8223774	301.1594639	1801.801802	569.223958	513.824321	213.9323439	498.7254793	142.1935729	537.2677867	208.7791638	0	115.5446002	219.2862233	508.5294254
novel_circ_0011616	215.3702574	406.5453806	264.1509434	252.9340348	172.3617874	258.5482516	677.6087939	702.3973126	316.2355322	220.2104233	133.7077149	110.8278843	94.79571523	123.9848738	130.4869774	545.2562704	77.02973348	274.1077792	92.45989552
hsa_circ_0001861	215.3702574	203.2726903	301.8867925	354.1076487	473.9949153	387.8223774	828.1885258	610.7802718	505.9768516	73.40347443	133.7077149	166.2418264	47.39785762	185.9773108	156.5843729	545.2562704	539.2081343	493.3940025	138.6898433
hsa_circ_0005158	1292.221544	0	490.5660377	303.5208418	2025.251002	2585.482516	1505.79732	702.3973126	2846.11979	464.8886714	508.0893168	803.5021611	473.9785762	578.5960779	495.8505141	1272.264631	0	2083.219122	1433.128381
hsa_circ_0005918	394.8454718	338.7878172	264.1509434	303.5208418	861.808937	711.0076918	752.8986598	549.7022446	442.7297451	318.0817225	213.9323439	304.7766818	165.8925017	185.9773108	182.6817684	605.8403005	308.1189339	548.2155584	231.1497388
hsa_circ_0001875	933.2711153	914.7271064	377.3584906	961.1493323	1120.351618	2068.386013	1355.217588	1099.404489	1644.424768	734.0347443	668.5385747	360.190624	663.5700066	495.9394954	548.0453051	908.7604507	731.782468	767.5017817	1017.058851
hsa_circ_0073396	179.4752145	169.3939086	150.9433962	708.2152975	517.0853622	711.0076918	602.3189279	274.8511223	758.9652773	293.6138977	320.8985158	443.3115372	165.8925017	123.9848738	130.4869774	545.2562704	269.6040672	274.1077792	277.3796866
hsa_circ_0001727	1005.061201	1456.787614	1886.792453	961.1493323	1809.798768	1228.104195	1279.927722	732.9363262	1391.436342	4037.191094	3824.040647	3241.715616	2630.581098	2789.659662	3183.882249	1454.016721	1502.079803	438.5724467	3189.866395
hsa_circ_0069227	789.6909437	338.7878172	452.8301887	657.6284905	387.8140216	452.4594402	677.6087939	183.2340815	569.223958	1003.180817	1497.526407	803.5021611	687.2689354	1074.535573	1017.798424	908.7604507	616.2378678	548.2155584	647.2192686
hsa_circ_0000182	646.1107721	406.5453806	867.9245283	404.6944557	129.2713405	258.5482516	451.7391959	122.1560544	505.9768516	758.5025691	615.0554887	692.6742768	402.8817897	392.6187672	861.2140508	908.7604507	308.1189339	603.0371142	369.8395821
hsa_circ_0045334	646.1107721	542.0605075	641.509434	404.6944557	344.7235748	129.2741258	1355.217588	244.3121087	632.4710644	1859.554686	1203.369434	1717.832207	1090.150725	599.2602236	1304.869774	908.7604507	1116.931135	219.2862233	1109.518746
hsa_circ_0073608	1399.906673	880.8483247	1396.226415	2731.687576	0	452.4594402	602.3189279	183.2340815	1011.953703	1198.923416	1096.403262	969.7439876	971.6560811	929.8865538	1226.577588	969.3444808	385.1486674	877.1448934	554.7593731
hsa_circ_0006475	179.4752145	338.7878172	0	455.2812626	215.4522342	452.4594402	150.579732	152.6950679	252.9884258	782.9703939	748.7632036	554.1394215	331.7850033	268.6338933	965.6036328	424.0882103	693.2676013	274.1077792	600.9893209
hsa_circ_0001868	753.7959008	1693.939086	1811.320755	1719.951437	1421.984746	387.8223774	1279.927722	458.0852038	1328.189235	2128.700759	3048.535901	4571.650227	710.9678643	1053.871428	4697.531186	1090.512541	2310.892004	548.2155584	2357.727336
hsa_circ_0007807	466.6355576	846.969543	716.9811321	1214.083367	0	517.0965031	828.1885258	91.61704077	569.223958	1076.584292	1149.886348	581.8463926	616.172149	991.8789908	1487.551542	727.0083606	654.7527346	712.6802259	277.3796866
hsa_circ_0091382	3948.454718	3421.756954	5396.226415	4805.746661	0	1486.652447	5872.609547	549.7022446	3288.849535	6973.330071	5294.825511	4599.357198	5924.732202	5744.632488	5715.32961	3210.953593	1656.13927	3070.007127	3513.47603
hsa_circ_0074368	1256.326501	1117.999797	2264.150943	1871.711858	560.175809	1680.563635	1806.956784	122.1560544	0	2495.718131	1310.335606	1634.711293	2061.806806	1818.444816	3758.024949	2241.609112	1425.050069	1370.538896	693.4492164
hsa_circ_0003511	1076.851287	711.4544161	377.3584906	505.8680696	172.3617874	323.1853145	225.869598	91.61704077	252.9884258	513.824321	641.7970317	443.3115372	758.3657219	640.5885149	495.8505141	242.3361202	308.1189339	438.5724467	323.6096343
hsa_circ_0087391	9978.821925	6369.210963	11735.84906	11634.9656	3748.868876	4136.772025	7528.986598	397.0071767	6008.475112	14411.54881	12862.68218	11165.90934	10119.4426	17647.18038	16363.06697	4059.130013	3581.882607	3453.758018	3698.395821
hsa_circ_0007716	179.4752145	304.9090355	339.6226415	303.5208418	215.4522342	193.9111887	301.1594639	122.1560544	189.7413193	367.0173722	722.0216606	332.4836529	426.5807186	495.9394954	913.4088418	605.8403005	654.7527346	109.6431117	416.0695298
hsa_circ_0004720	0	508.1817258	754.7169811	607.0416835	215.4522342	323.1853145	828.1885258	0	505.9768516	1541.472963	882.4709186	581.8463926	900.5592947	1012.543136	1096.09061	1029.928511	231.0892004	383.7508909	554.7593731
novel_circ_0009132	466.6355576	271.0302538	188.6792453	151.7604209	258.5426811	129.2741258	602.3189279	61.07802718	0	1247.859065	1123.144805	304.7766818	473.9785762	413.2829128	678.5322825	242.3361202	115.5446002	383.7508909	277.3796866
novel_circ_0003654	610.2157292	406.5453806	943.3962264	1264.670174	301.6331279	581.733566	376.4493299	91.61704077	252.9884258	1027.648642	1203.369434	637.2603347	853.1614371	1777.116525	600.240096	605.8403005	231.0892004	877.1448934	832.1390597
hsa_circ_0003863	287.1603432	237.151472	226.4150943	101.1736139	86.1808937	0	301.1594639	61.07802718	316.2355322	367.0173722	481.3477738	360.190624	260.6882169	185.9773108	965.6036328	545.2562704	462.1784009	109.6431117	323.6096343
hsa_circ_0034349	0	135.5151269	603.7735849	101.1736139	129.2713405	193.9111887	0	0	316.2355322	538.2921458	347.6400588	720.3812479	236.9892881	268.6338933	652.434887	545.2562704	231.0892004	0	277.3796866
hsa_circ_0062885	179.4752145	169.3939086	415.0943396	252.9340348	344.7235748	0	376.4493299	0	252.9884258	978.7129924	374.3816018	720.3812479	710.9678643	392.6187672	626.3374915	1090.512541	231.0892004	109.6431117	508.5294254
hsa_circ_0002696	574.3206863	677.5756344	679.245283	708.2152975	258.5426811	323.1853145	376.4493299	0	505.9768516	1296.794715	1444.043321	277.0697107	1303.441084	1157.192156	1122.188006	181.7520901	500.6932676	164.4646675	693.4492164
hsa_circ_0057745	215.3702574	135.5151269	377.3584906	151.7604209	387.8140216	0	225.869598	0	0	513.824321	401.1231448	720.3812479	331.7850033	82.65658256	548.0453051	121.1680601	616.2378678	438.5724467	231.1497388
hsa_circ_0058514	2010.122402	1931.090558	867.9245283	0	0	1228.104195	1581.087186	0	2087.154513	4697.822364	1978.874181	1994.901917	2606.882169	5207.364702	7046.29678	0	1848.713603	2521.791568	878.3690074
hsa_circ_0002981	717.9008579	440.4241623	716.9811321	252.9340348	473.9949153	0	150.579732	61.07802718	0	1052.116467	802.2462896	332.4836529	497.677505	681.9168061	443.6557232	424.0882103	269.6040672	164.4646675	600.9893209
hsa_circ_0017077	107.6851287	135.5151269	0	0	215.4522342	0	150.579732	0	0	513.824321	213.9323439	332.4836529	142.1935729	41.32829128	287.0713503	181.7520901	423.6635341	164.4646675	323.6096343
hsa_circ_0003091	394.8454718	643.6968527	490.5660377	101.1736139	86.1808937	129.2741258	527.0290619	0	0	978.7129924	374.3816018	692.6742768	687.2689354	206.6414564	339.2661412	302.9201502	308.1189339	0	508.5294254
hsa_circ_0057742	143.5801716	542.0605075	528.3018868	202.3472278	172.3617874	0	301.1594639	0	126.4942129	538.2921458	508.0893168	415.6045661	568.7742914	371.9546215	339.2661412	181.7520901	154.059467	219.2862233	600.9893209
hsa_circ_0069226	430.7405147	135.5151269	75.47169811	809.3889114	129.2713405	0	301.1594639	61.07802718	0	562.7599706	427.8646878	249.3627397	284.3871457	268.6338933	756.8244689	545.2562704	77.02973348	328.929335	138.6898433
hsa_circ_0002178	215.3702574	372.6665989	188.6792453	556.4548766	86.1808937	0	0	61.07802718	189.7413193	244.6782481	374.3816018	193.9487975	236.9892881	351.2904759	521.9479096	0	231.0892004	164.4646675	323.6096343
hsa_circ_0007554	430.7405147	474.3029441	264.1509434	354.1076487	0	258.5482516	0	244.3121087	0	440.4208466	588.3139457	387.897595	308.0860745	392.6187672	495.8505141	605.8403005	385.1486674	274.1077792	924.5989552
novel_circ_0001428	107.6851287	271.0302538	452.8301887	556.4548766	215.4522342	129.2741258	0	0	0	367.0173722	187.1908009	277.0697107	213.2903593	454.6112041	495.8505141	424.0882103	192.5743337	164.4646675	323.6096343
novel_circ_0014088	574.3206863	1185.75736	490.5660377	354.1076487	215.4522342	193.9111887	451.7391959	0	0	905.309518	481.3477738	526.4324504	924.2582235	764.5733887	1565.843729	545.2562704	577.7230011	328.929335	184.919791
hsa_circ_0084727	71.79008579	542.0605075	264.1509434	151.7604209	215.4522342	0	0	0	0	636.1634451	133.7077149	387.897595	142.1935729	206.6414564	130.4869774	302.9201502	385.1486674	0	92.45989552
hsa_circ_0012634	143.5801716	135.5151269	264.1509434	151.7604209	86.1808937	0	150.579732	0	0	269.1460729	320.8985158	387.897595	118.494644	165.3131651	182.6817684	181.7520901	77.02973348	109.6431117	231.1497388
hsa_circ_0027702	215.3702574	135.5151269	528.3018868	0	129.2713405	0	225.869598	0	0	146.8069489	213.9323439	221.6557686	142.1935729	640.5885149	182.6817684	484.6722404	346.6338006	712.6802259	231.1497388
novel_circ_0005214	179.4752145	779.2119795	113.2075472	151.7604209	0	193.9111887	225.869598	0	0	440.4208466	267.4154299	193.9487975	782.0646507	289.298039	313.1687458	848.1764207	0	274.1077792	184.919791
hsa_circ_0069396	287.1603432	643.6968527	603.7735849	151.7604209	0	0	0	0	252.9884258	195.7425985	427.8646878	221.6557686	71.09678643	227.305602	130.4869774	605.8403005	154.059467	164.4646675	138.6898433
novel_circ_0002257	323.0553861	271.0302538	452.8301887	0	86.1808937	0	376.4493299	0	0	293.6138977	187.1908009	637.2603347	189.5914305	578.5960779	208.7791638	969.3444808	539.2081343	274.1077792	554.7593731
hsa_circ_0035196	0	304.9090355	188.6792453	202.3472278	0	193.9111887	0	0	189.7413193	513.824321	534.8308597	360.190624	189.5914305	330.6263303	809.0192599	0	500.6932676	274.1077792	323.6096343
novel_circ_0014154	0	0	0	0	129.2713405	0	0	0	0	342.5495473	133.7077149	249.3627397	71.09678643	123.9848738	234.8765593	0	269.6040672	0	323.6096343
hsa_circ_0006209	287.1603432	237.151472	75.47169811	0	86.1808937	0	301.1594639	0	189.7413193	1761.683386	1203.369434	581.8463926	331.7850033	371.9546215	756.8244689	484.6722404	115.5446002	109.6431117	416.0695298
novel_circ_0012573	179.4752145	101.6363452	226.4150943	556.4548766	0	0	0	0	126.4942129	171.2747737	267.4154299	221.6557686	165.8925017	123.9848738	156.5843729	0	0	109.6431117	92.45989552
hsa_circ_0031615	0	135.5151269	150.9433962	151.7604209	0	0	0	0	126.4942129	171.2747737	187.1908009	138.5348554	118.494644	247.9697477	104.3895819	181.7520901	269.6040672	0	0
novel_circ_0009822	143.5801716	67.75756344	264.1509434	0	0	0	225.869598	0	0	244.6782481	240.6738869	193.9487975	236.9892881	413.2829128	208.7791638	0	269.6040672	164.4646675	184.919791
hsa_circ_0007429	0	101.6363452	113.2075472	0	0	0	0	122.1560544	0	318.0817225	320.8985158	249.3627397	47.39785762	351.2904759	495.8505141	0	192.5743337	219.2862233	508.5294254
novel_circ_0010439	323.0553861	271.0302538	0	151.7604209	0	0	0	91.61704077	0	73.40347443	320.8985158	83.12091322	189.5914305	413.2829128	260.9739548	121.1680601	0	219.2862233	323.6096343
novel_circ_0009021	717.9008579	609.8180709	792.4528302	252.9340348	172.3617874	0	301.1594639	91.61704077	189.7413193	2202.104233	1123.144805	609.5533636	853.1614371	1715.124088	1644.135915	787.5923906	693.2676013	219.2862233	554.7593731
novel_circ_0014180	71.79008579	0	0	0	0	129.2741258	0	0	0	97.87129924	133.7077149	110.8278843	0	123.9848738	130.4869774	242.3361202	539.2081343	0	231.1497388
novel_circ_0010599	179.4752145	135.5151269	0	0	86.1808937	0	0	0	0	391.485197	80.22462896	443.3115372	71.09678643	41.32829128	104.3895819	242.3361202	77.02973348	0	184.919791
hsa_circ_0077409	574.3206863	237.151472	226.4150943	657.6284905	0	193.9111887	0	0	0	293.6138977	80.22462896	221.6557686	308.0860745	309.9621846	521.9479096	121.1680601	154.059467	219.2862233	184.919791
hsa_circ_0000609	215.3702574	101.6363452	264.1509434	657.6284905	0	0	0	61.07802718	0	122.3391241	294.1569729	249.3627397	142.1935729	268.6338933	156.5843729	0	0	164.4646675	138.6898433
hsa_circ_0003956	215.3702574	101.6363452	75.47169811	0	0	0	0	0	126.4942129	48.93564962	106.9661719	55.41394215	236.9892881	206.6414564	182.6817684	302.9201502	192.5743337	164.4646675	92.45989552
hsa_circ_0003761	143.5801716	304.9090355	150.9433962	101.1736139	0	0	0	61.07802718	0	342.5495473	133.7077149	193.9487975	47.39785762	206.6414564	156.5843729	242.3361202	0	164.4646675	184.919791
hsa_circ_0003068	71.79008579	67.75756344	150.9433962	101.1736139	0	0	150.579732	0	0	73.40347443	427.8646878	277.0697107	213.2903593	206.6414564	78.29218644	181.7520901	231.0892004	0	0
novel_circ_0002705	0	0	0	0	86.1808937	0	0	0	0	538.2921458	80.22462896	304.7766818	189.5914305	144.6490195	208.7791638	0	77.02973348	0	277.3796866
hsa_circ_0003673	107.6851287	0	0	0	0	0	0	0	0	122.3391241	80.22462896	83.12091322	0	61.99243692	208.7791638	0	115.5446002	0	184.919791
novel_circ_0002733	287.1603432	135.5151269	0	303.5208418	0	193.9111887	0	0	0	97.87129924	588.3139457	193.9487975	47.39785762	805.90168	704.629678	181.7520901	192.5743337	0	184.919791
novel_circ_0010476	107.6851287	0	0	0	0	0	0	0	0	73.40347443	80.22462896	83.12091322	94.79571523	41.32829128	78.29218644	302.9201502	0	164.4646675	0
novel_circ_0011222	0	0	0	151.7604209	0	0	0	0	0	195.7425985	106.9661719	83.12091322	71.09678643	103.3207282	104.3895819	121.1680601	115.5446002	0	0
novel_circ_0013434	0	101.6363452	188.6792453	0	0	0	0	0	0	48.93564962	320.8985158	55.41394215	118.494644	123.9848738	104.3895819	0	0	109.6431117	0
novel_circ_0008597	466.6355576	237.151472	150.9433962	202.3472278	0	0	150.579732	0	0	342.5495473	160.4492579	526.4324504	118.494644	247.9697477	260.9739548	181.7520901	231.0892004	0	0
novel_circ_0007783	0	0	113.2075472	0	0	0	0	0	0	171.2747737	53.48308597	138.5348554	0	103.3207282	130.4869774	121.1680601	0	109.6431117	138.6898433
hsa_circ_0034970	215.3702574	0	75.47169811	252.9340348	0	0	0	0	0	73.40347443	0	166.2418264	165.8925017	123.9848738	182.6817684	0	77.02973348	0	92.45989552
hsa_circ_0062435	0	0	150.9433962	0	0	0	0	0	0	171.2747737	133.7077149	110.8278843	94.79571523	41.32829128	182.6817684	0	0	0	184.919791
hsa_circ_0068090	107.6851287	135.5151269	188.6792453	354.1076487	0	0	0	0	0	146.8069489	0	138.5348554	165.8925017	123.9848738	78.29218644	181.7520901	0	0	92.45989552
novel_circ_0015044	143.5801716	101.6363452	226.4150943	0	0	0	0	0	252.9884258	464.8886714	481.3477738	332.4836529	118.494644	330.6263303	991.7010282	242.3361202	423.6635341	109.6431117	693.4492164
novel_circ_0004960	215.3702574	0	113.2075472	0	0	0	0	0	0	73.40347443	160.4492579	0	71.09678643	82.65658256	52.19479096	0	346.6338006	0	138.6898433
hsa_circ_0007639	71.79008579	101.6363452	0	0	0	0	0	0	0	195.7425985	0	110.8278843	189.5914305	0	104.3895819	0	77.02973348	164.4646675	92.45989552
hsa_circ_0086203	107.6851287	0	264.1509434	0	0	0	0	0	0	195.7425985	133.7077149	83.12091322	94.79571523	123.9848738	0	0	154.059467	164.4646675	0
hsa_circ_0036649	0	135.5151269	0	202.3472278	0	0	0	0	0	195.7425985	0	138.5348554	47.39785762	61.99243692	156.5843729	242.3361202	77.02973348	0	138.6898433
hsa_circ_0080000	215.3702574	135.5151269	188.6792453	202.3472278	0	0	0	0	0	195.7425985	80.22462896	110.8278843	260.6882169	185.9773108	104.3895819	0	0	0	0
hsa_circ_0035285	0	0	0	0	0	0	0	0	0	171.2747737	80.22462896	166.2418264	47.39785762	41.32829128	104.3895819	181.7520901	0	0	277.3796866
hsa_circ_0003936	0	0	0	0	0	0	0	0	0	97.87129924	213.9323439	277.0697107	0	41.32829128	104.3895819	0	115.5446002	0	184.919791
novel_circ_0014133	0	0	0	0	0	0	0	0	0	73.40347443	106.9661719	110.8278843	0	289.298039	130.4869774	121.1680601	192.5743337	0	0
novel_circ_0009302	107.6851287	304.9090355	0	758.8021044	0	0	0	0	0	48.93564962	0	55.41394215	260.6882169	206.6414564	208.7791638	0	77.02973348	0	92.45989552
hsa_circ_0056589	71.79008579	169.3939086	150.9433962	0	0	0	0	0	0	97.87129924	160.4492579	0	142.1935729	123.9848738	156.5843729	181.7520901	77.02973348	0	92.45989552
hsa_circ_0073177	0	67.75756344	0	0	0	0	0	0	0	244.6782481	240.6738869	55.41394215	47.39785762	0	182.6817684	0	154.059467	0	138.6898433
novel_circ_0014130	0	0	113.2075472	0	0	0	0	0	0	367.0173722	133.7077149	138.5348554	0	0	130.4869774	0	192.5743337	0	138.6898433
novel_circ_0008864	251.2653003	169.3939086	226.4150943	657.6284905	0	0	0	0	0	146.8069489	53.48308597	332.4836529	165.8925017	61.99243692	287.0713503	0	0	0	0
novel_circ_0016197	71.79008579	67.75756344	0	0	0	0	0	0	0	195.7425985	187.1908009	110.8278843	0	144.6490195	52.19479096	181.7520901	77.02973348	164.4646675	0
hsa_circ_0035575	71.79008579	0	226.4150943	101.1736139	0	0	0	0	0	122.3391241	187.1908009	0	142.1935729	82.65658256	78.29218644	121.1680601	0	164.4646675	184.919791
hsa_circ_0003622	107.6851287	169.3939086	0	101.1736139	0	0	0	0	0	269.1460729	133.7077149	55.41394215	142.1935729	123.9848738	182.6817684	181.7520901	0	0	0
novel_circ_0008619	0	169.3939086	113.2075472	0	0	0	0	0	0	97.87129924	53.48308597	55.41394215	189.5914305	165.3131651	52.19479096	363.5041803	0	0	138.6898433
hsa_circ_0004531	179.4752145	67.75756344	0	0	0	0	0	61.07802718	0	391.485197	240.6738869	526.4324504	118.494644	61.99243692	521.9479096	0	231.0892004	109.6431117	277.3796866
hsa_circ_0008314	0	135.5151269	0	0	0	0	0	0	0	146.8069489	133.7077149	83.12091322	189.5914305	103.3207282	104.3895819	302.9201502	77.02973348	0	0
novel_circ_0012727	0	0	113.2075472	151.7604209	0	0	0	0	0	171.2747737	240.6738869	166.2418264	71.09678643	103.3207282	260.9739548	0	0	0	138.6898433
hsa_circ_0085778	107.6851287	372.6665989	264.1509434	101.1736139	0	0	0	0	0	171.2747737	80.22462896	193.9487975	165.8925017	185.9773108	339.2661412	0	0	0	0
novel_circ_0014911	0	135.5151269	0	0	0	0	0	0	0	342.5495473	267.4154299	55.41394215	118.494644	61.99243692	52.19479096	181.7520901	0	109.6431117	0
novel_circ_0008715	143.5801716	101.6363452	150.9433962	0	0	0	0	0	0	97.87129924	561.5724027	193.9487975	118.494644	0	208.7791638	0	0	0	0
novel_circ_0013107	0	271.0302538	150.9433962	252.9340348	0	0	0	0	0	195.7425985	160.4492579	138.5348554	165.8925017	103.3207282	78.29218644	302.9201502	0	109.6431117	0
novel_circ_0000513	0	0	0	0	0	0	0	0	0	171.2747737	133.7077149	0	0	144.6490195	443.6557232	181.7520901	231.0892004	0	0
hsa_circ_0006355	0	0	0	0	0	0	0	0	0	122.3391241	267.4154299	387.897595	0	61.99243692	287.0713503	0	0	0	184.919791
hsa_circ_0006281	179.4752145	67.75756344	452.8301887	202.3472278	0	0	0	0	0	318.0817225	347.6400588	138.5348554	331.7850033	41.32829128	52.19479096	0	0	0	0
hsa_circ_0005904	0	169.3939086	0	252.9340348	0	0	0	0	0	48.93564962	160.4492579	0	94.79571523	371.9546215	156.5843729	484.6722404	77.02973348	0	0
hsa_circ_0031888	107.6851287	0	0	0	0	0	0	0	0	171.2747737	427.8646878	221.6557686	0	165.3131651	417.5583277	0	0	0	0
novel_circ_0015156	71.79008579	0	339.6226415	252.9340348	0	0	0	0	0	171.2747737	80.22462896	304.7766818	402.8817897	206.6414564	130.4869774	0	0	0	0
novel_circ_0011099	0	0	0	202.3472278	0	0	0	0	0	146.8069489	0	138.5348554	118.494644	433.9470585	0	181.7520901	192.5743337	0	184.919791
novel_circ_0008967	251.2653003	135.5151269	226.4150943	0	0	0	0	0	0	171.2747737	106.9661719	304.7766818	47.39785762	268.6338933	130.4869774	0	154.059467	109.6431117	138.6898433
hsa_circ_0002894	0	0	0	0	0	0	0	0	0	195.7425985	133.7077149	249.3627397	0	0	208.7791638	121.1680601	462.1784009	0	138.6898433
novel_circ_0015049	610.2157292	101.6363452	188.6792453	252.9340348	0	0	0	0	0	195.7425985	106.9661719	277.0697107	236.9892881	144.6490195	156.5843729	242.3361202	0	0	138.6898433
novel_circ_0002042	143.5801716	67.75756344	188.6792453	151.7604209	0	0	0	0	0	122.3391241	133.7077149	166.2418264	118.494644	82.65658256	52.19479096	181.7520901	77.02973348	383.7508909	231.1497388
novel_circ_0000078	107.6851287	135.5151269	264.1509434	354.1076487	0	0	0	0	0	367.0173722	267.4154299	83.12091322	118.494644	41.32829128	208.7791638	302.9201502	77.02973348	0	92.45989552
hsa_circ_0043815	0	0	0	0	0	0	0	0	0	146.8069489	213.9323439	387.897595	71.09678643	0	287.0713503	302.9201502	77.02973348	0	138.6898433
novel_circ_0001877	179.4752145	203.2726903	301.8867925	303.5208418	0	0	0	0	0	269.1460729	213.9323439	110.8278843	213.2903593	82.65658256	130.4869774	242.3361202	0	219.2862233	92.45989552
novel_circ_0000742	107.6851287	203.2726903	113.2075472	202.3472278	0	0	0	0	0	464.8886714	213.9323439	249.3627397	0	0	313.1687458	302.9201502	0	164.4646675	0
hsa_circ_0000274	610.2157292	237.151472	339.6226415	252.9340348	0	0	150.579732	0	0	611.6956203	213.9323439	360.190624	402.8817897	454.6112041	417.5583277	302.9201502	308.1189339	0	600.9893209
hsa_circ_0085473	251.2653003	169.3939086	264.1509434	151.7604209	0	0	0	0	0	73.40347443	213.9323439	221.6557686	71.09678643	185.9773108	78.29218644	242.3361202	308.1189339	164.4646675	138.6898433
hsa_circ_0038725	107.6851287	135.5151269	226.4150943	101.1736139	0	0	0	0	0	269.1460729	106.9661719	83.12091322	189.5914305	82.65658256	417.5583277	181.7520901	154.059467	219.2862233	0
hsa_circ_0005462	0	0	603.7735849	0	0	0	0	0	0	0	133.7077149	138.5348554	118.494644	41.32829128	0	0	731.782468	0	508.5294254
hsa_circ_0035901	574.3206863	237.151472	150.9433962	252.9340348	0	0	0	0	0	171.2747737	133.7077149	249.3627397	355.4839321	392.6187672	130.4869774	121.1680601	77.02973348	0	184.919791
novel_circ_0015373	466.6355576	0	0	505.8680696	0	0	0	0	0	342.5495473	320.8985158	138.5348554	355.4839321	268.6338933	0	363.5041803	0	109.6431117	0
hsa_circ_0029772	287.1603432	338.7878172	339.6226415	354.1076487	0	0	0	0	0	195.7425985	240.6738869	277.0697107	142.1935729	165.3131651	156.5843729	302.9201502	77.02973348	383.7508909	138.6898433
novel_circ_0001927	0	135.5151269	188.6792453	0	0	0	0	0	0	195.7425985	106.9661719	249.3627397	758.3657219	268.6338933	78.29218644	0	0	0	231.1497388
hsa_circ_0001051	215.3702574	440.4241623	415.0943396	303.5208418	0	0	0	0	0	269.1460729	320.8985158	221.6557686	331.7850033	454.6112041	156.5843729	302.9201502	0	0	277.3796866
hsa_circ_0089513	179.4752145	203.2726903	0	404.6944557	0	0	0	0	0	464.8886714	320.8985158	360.190624	402.8817897	309.9621846	156.5843729	121.1680601	0	0	1063.288798
novel_circ_0004449	179.4752145	169.3939086	0	252.9340348	0	193.9111887	0	0	0	0	0	0	0	0	0	0	0	0	0
novel_circ_0011977	215.3702574	203.2726903	0	202.3472278	0	193.9111887	0	0	0	0	53.48308597	55.41394215	0	0	0	0	0	0	0
hsa_circ_0001306	1005.061201	779.2119795	566.0377358	1163.49656	0	0	602.3189279	549.7022446	0	122.3391241	320.8985158	166.2418264	0	185.9773108	208.7791638	181.7520901	192.5743337	0	0
novel_circ_0002397	143.5801716	203.2726903	188.6792453	303.5208418	172.3617874	0	0	0	189.7413193	97.87129924	0	0	0	82.65658256	52.19479096	0	77.02973348	0	0
novel_circ_0001844	71.79008579	474.3029441	188.6792453	303.5208418	86.1808937	0	0	0	0	97.87129924	53.48308597	0	0	61.99243692	52.19479096	121.1680601	0	164.4646675	0
hsa_circ_0008937	574.3206863	406.5453806	377.3584906	505.8680696	0	0	150.579732	0	316.2355322	73.40347443	106.9661719	110.8278843	0	61.99243692	287.0713503	0	192.5743337	0	138.6898433
novel_circ_0013777	502.5306005	271.0302538	264.1509434	404.6944557	0	0	0	0	442.7297451	122.3391241	294.1569729	138.5348554	47.39785762	61.99243692	52.19479096	242.3361202	77.02973348	0	0
novel_circ_0000178	717.9008579	914.7271064	1132.075472	961.1493323	172.3617874	129.2741258	602.3189279	0	0	489.3564962	0	277.0697107	260.6882169	351.2904759	626.3374915	242.3361202	115.5446002	0	369.8395821
novel_circ_0009844	2117.807531	1693.939086	1245.283019	1719.951437	689.4471496	711.0076918	1355.217588	397.0071767	1834.166087	685.0990947	882.4709186	1191.399756	426.5807186	516.603641	991.7010282	727.0083606	0	0	231.1497388
hsa_circ_0081873	358.9504289	372.6665989	792.4528302	961.1493323	0	193.9111887	150.579732	152.6950679	316.2355322	146.8069489	160.4492579	471.0185083	260.6882169	165.3131651	234.8765593	363.5041803	115.5446002	164.4646675	0
hsa_circ_0002021	1184.536416	609.8180709	981.1320755	1011.736139	344.7235748	711.0076918	376.4493299	335.9291495	189.7413193	538.2921458	347.6400588	526.4324504	189.5914305	371.9546215	313.1687458	727.0083606	231.0892004	219.2862233	0
novel_circ_0007049	2189.597617	1660.060304	2754.716981	2731.687576	775.6280433	775.6447547	752.8986598	0	632.4710644	905.309518	1417.301778	1108.278843	829.4625083	1529.146777	0	181.7520901	770.2973348	822.3233375	1017.058851
hsa_circ_0009084	1040.956244	1117.999797	754.7169811	859.9757183	473.9949153	581.733566	1129.34799	61.07802718	316.2355322	122.3391241	427.8646878	858.9161033	331.7850033	661.2526605	339.2661412	484.6722404	192.5743337	274.1077792	0
hsa_circ_0024193	1005.061201	711.4544161	716.9811321	1568.191016	387.8140216	323.1853145	752.8986598	641.3192854	505.9768516	440.4208466	534.8308597	387.897595	379.1828609	640.5885149	287.0713503	363.5041803	423.6635341	328.929335	0
hsa_circ_0003472	3338.238989	2879.696446	2188.679245	4249.291785	430.9044685	1680.563635	2258.69598	1221.560544	0	1590.408613	1711.458751	1274.520669	805.7635795	2479.697477	1148.285401	1393.432691	1155.446002	877.1448934	462.2994776
hsa_circ_0004273	1292.221544	1084.121015	1509.433962	809.3889114	387.8140216	904.9188805	527.0290619	274.8511223	1075.20081	538.2921458	320.8985158	498.7254793	426.5807186	681.9168061	469.7531186	424.0882103	577.7230011	603.0371142	277.3796866
hsa_circ_0000973	4020.244804	4844.665786	4754.716981	5969.243221	2240.703236	3102.579019	2635.145309	427.5461903	3225.602429	1810.619036	2219.548068	2216.557686	1019.053939	3430.248176	3470.953599	2423.361202	1579.109536	1535.003563	693.4492164
hsa_circ_0006010	1938.332316	1456.787614	867.9245283	2276.406313	1163.442065	1292.741258	0	0	948.7065967	464.8886714	374.3816018	443.3115372	284.3871457	991.8789908	495.8505141	1272.264631	1232.475736	1260.895784	138.6898433
novel_circ_0002136	610.2157292	711.4544161	415.0943396	1163.49656	258.5426811	193.9111887	0	183.2340815	316.2355322	244.6782481	160.4492579	277.0697107	189.5914305	392.6187672	339.2661412	727.0083606	423.6635341	164.4646675	323.6096343
hsa_circ_0005720	1722.962059	1592.302741	1169.811321	1062.322946	947.9898307	0	677.6087939	0	1011.953703	367.0173722	534.8308597	637.2603347	450.2796474	599.2602236	626.3374915	787.5923906	885.841935	1315.71734	0
hsa_circ_0001314	3194.658818	1998.848121	2905.660377	3085.795225	947.9898307	1939.111887	1581.087186	580.2412582	1644.424768	1688.279912	1390.560235	1607.004322	1564.129301	1239.848738	1618.03852	969.3444808	500.6932676	1041.609561	647.2192686
hsa_circ_0019170	502.5306005	745.3331978	1358.490566	708.2152975	2413.065023	452.4594402	1806.956784	580.2412582	1075.20081	1859.554686	1711.458751	2549.041339	1019.053939	950.5506995	2374.862989	848.1764207	2888.615005	0	2172.807545
hsa_circ_0006990	933.2711153	1456.787614	1547.169811	1112.909753	2757.788598	2003.74895	2710.435175	885.6313941	3541.837961	1810.619036	1444.043321	692.6742768	3175.65646	5000.723245	1905.10987	1393.432691	2464.951471	2960.364015	4438.074985
hsa_circ_0000119	143.5801716	372.6665989	188.6792453	607.0416835	689.4471496	969.5559434	677.6087939	0	632.4710644	415.9530218	160.4492579	609.5533636	165.8925017	599.2602236	443.6557232	908.7604507	1116.931135	877.1448934	1525.588276
novel_circ_0003263	287.1603432	169.3939086	301.8867925	202.3472278	0	387.8223774	301.1594639	0	695.7181709	880.8416932	160.4492579	637.2603347	402.8817897	475.2753497	495.8505141	787.5923906	500.6932676	438.5724467	554.7593731
novel_circ_0012342	358.9504289	0	150.9433962	354.1076487	473.9949153	0	0	91.61704077	758.9652773	513.824321	962.6955475	443.3115372	308.0860745	289.298039	600.240096	363.5041803	423.6635341	274.1077792	416.0695298
hsa_circ_0029408	323.0553861	474.3029441	264.1509434	202.3472278	473.9949153	517.0965031	978.7682578	0	632.4710644	856.3738684	588.3139457	554.1394215	450.2796474	309.9621846	1200.480192	727.0083606	577.7230011	493.3940025	1802.967963
hsa_circ_0006639	323.0553861	101.6363452	150.9433962	101.1736139	215.4522342	193.9111887	225.869598	366.4681631	379.4826387	611.6956203	534.8308597	277.0697107	426.5807186	309.9621846	260.9739548	302.9201502	154.059467	877.1448934	184.919791
hsa_circ_0000659	430.7405147	135.5151269	226.4150943	354.1076487	1766.708321	517.0965031	1054.058124	0	1897.413193	513.824321	347.6400588	803.5021611	355.4839321	681.9168061	939.5062373	545.2562704	1078.416269	603.0371142	693.4492164
hsa_circ_0001952	107.6851287	135.5151269	377.3584906	0	646.3567027	193.9111887	301.1594639	397.0071767	379.4826387	415.9530218	267.4154299	277.0697107	189.5914305	227.305602	443.6557232	727.0083606	462.1784009	438.5724467	369.8395821
hsa_circ_0000566	323.0553861	745.3331978	415.0943396	404.6944557	3016.331279	1098.830069	903.4783918	0	1264.942129	880.8416932	882.4709186	1302.22764	118.494644	247.9697477	1330.967169	848.1764207	1232.475736	1480.182008	3328.556239
hsa_circ_0001615	251.2653003	0	113.2075472	252.9340348	430.9044685	0	376.4493299	488.6242174	189.7413193	489.3564962	294.1569729	166.2418264	545.0753626	309.9621846	626.3374915	302.9201502	269.6040672	109.6431117	369.8395821
hsa_circ_0002500	107.6851287	271.0302538	415.0943396	151.7604209	430.9044685	0	527.0290619	0	695.7181709	1027.648642	454.6062308	803.5021611	260.6882169	578.5960779	782.9218644	484.6722404	500.6932676	219.2862233	647.2192686
hsa_circ_0000754	251.2653003	474.3029441	113.2075472	505.8680696	1465.075193	1098.830069	978.7682578	641.3192854	0	611.6956203	267.4154299	277.0697107	497.677505	743.9092431	260.9739548	1332.848661	962.8716685	1809.111343	1710.508067
hsa_circ_0001414	107.6851287	304.9090355	75.47169811	101.1736139	387.8140216	258.5482516	376.4493299	2351.504046	442.7297451	391.485197	641.7970317	332.4836529	165.8925017	123.9848738	443.6557232	363.5041803	385.1486674	548.2155584	600.9893209
hsa_circ_0067985	143.5801716	67.75756344	188.6792453	0	258.5426811	452.4594402	225.869598	0	569.223958	342.5495473	133.7077149	249.3627397	165.8925017	165.3131651	260.9739548	424.0882103	539.2081343	164.4646675	323.6096343
hsa_circ_0009156	215.3702574	169.3939086	188.6792453	0	387.8140216	0	527.0290619	244.3121087	126.4942129	880.8416932	481.3477738	277.0697107	331.7850033	681.9168061	339.2661412	181.7520901	654.7527346	219.2862233	0
hsa_circ_0000698	71.79008579	67.75756344	113.2075472	252.9340348	86.1808937	129.2741258	376.4493299	4306.000916	379.4826387	318.0817225	240.6738869	748.088219	379.1828609	392.6187672	391.4609322	363.5041803	0	109.6431117	416.0695298
hsa_circ_0002928	179.4752145	169.3939086	188.6792453	202.3472278	387.8140216	452.4594402	451.7391959	183.2340815	316.2355322	1125.519941	347.6400588	581.8463926	639.8710778	371.9546215	548.0453051	484.6722404	269.6040672	438.5724467	416.0695298
hsa_circ_0001006	287.1603432	237.151472	264.1509434	0	301.6331279	258.5482516	527.0290619	1618.56772	379.4826387	611.6956203	347.6400588	914.3300454	260.6882169	227.305602	939.5062373	848.1764207	539.2081343	438.5724467	1063.288798
novel_circ_0014172	215.3702574	67.75756344	150.9433962	0	86.1808937	0	677.6087939	0	252.9884258	171.2747737	187.1908009	498.7254793	331.7850033	537.2677867	78.29218644	121.1680601	539.2081343	219.2862233	508.5294254
hsa_circ_0002926	610.2157292	0	905.6603774	0	732.5375964	1357.378321	1656.377052	549.7022446	505.9768516	1345.730365	695.2801177	858.9161033	1658.925017	785.2375344	1487.551542	1575.184781	654.7527346	1918.754454	0
hsa_circ_0001573	251.2653003	0	188.6792453	0	301.6331279	0	602.3189279	335.9291495	252.9884258	391.485197	160.4492579	637.2603347	260.6882169	268.6338933	182.6817684	181.7520901	500.6932676	328.929335	693.4492164
hsa_circ_0029703	0	135.5151269	188.6792453	0	387.8140216	0	0	61.07802718	126.4942129	538.2921458	267.4154299	221.6557686	236.9892881	103.3207282	652.434887	121.1680601	154.059467	109.6431117	323.6096343
hsa_circ_0006681	71.79008579	135.5151269	75.47169811	0	301.6331279	193.9111887	301.1594639	458.0852038	0	73.40347443	0	138.5348554	284.3871457	103.3207282	182.6817684	605.8403005	231.0892004	548.2155584	369.8395821
hsa_circ_0008205	323.0553861	474.3029441	377.3584906	202.3472278	1982.160555	1551.289509	0	427.5461903	3099.108216	611.6956203	534.8308597	914.3300454	71.09678643	475.2753497	782.9218644	3150.369563	2734.555538	2247.683789	785.9091119
hsa_circ_0000110	825.5859866	914.7271064	1924.528302	1315.256981	7325.375964	8596.729365	15585.00226	1129.943503	11510.97337	1052.116467	748.7632036	1163.692785	947.9571523	826.5658256	991.7010282	12662.06228	12594.36142	4605.01069	6842.032269
hsa_circ_0000419	251.2653003	0	415.0943396	202.3472278	0	0	1656.377052	488.6242174	885.4594902	758.5025691	240.6738869	969.7439876	0	971.2148451	887.3114463	1454.016721	1116.931135	438.5724467	693.4492164
hsa_circ_0020028	179.4752145	0	226.4150943	151.7604209	301.6331279	646.3706289	0	1771.262788	1138.447916	220.2104233	160.4492579	304.7766818	94.79571523	330.6263303	339.2661412	302.9201502	1425.050069	438.5724467	1063.288798
hsa_circ_0001495	179.4752145	169.3939086	188.6792453	0	172.3617874	0	527.0290619	885.6313941	252.9884258	758.5025691	668.5385747	471.0185083	142.1935729	206.6414564	313.1687458	605.8403005	962.8716685	109.6431117	970.828903
hsa_circ_0000075	0	67.75756344	113.2075472	0	172.3617874	129.2741258	0	183.2340815	316.2355322	195.7425985	160.4492579	55.41394215	142.1935729	247.9697477	52.19479096	121.1680601	231.0892004	274.1077792	277.3796866
hsa_circ_0005540	179.4752145	101.6363452	0	0	473.9949153	258.5482516	752.8986598	274.8511223	695.7181709	318.0817225	320.8985158	166.2418264	284.3871457	103.3207282	78.29218644	787.5923906	0	712.6802259	323.6096343
hsa_circ_0001696	0	237.151472	188.6792453	202.3472278	991.0802775	581.733566	527.0290619	1771.262788	695.7181709	807.4382187	534.8308597	831.2091322	236.9892881	185.9773108	443.6557232	605.8403005	808.8122015	548.2155584	1248.20859
novel_circ_0002225	0	169.3939086	0	0	0	0	0	0	316.2355322	195.7425985	106.9661719	304.7766818	189.5914305	144.6490195	417.5583277	121.1680601	192.5743337	0	231.1497388
hsa_circ_0007940	0	67.75756344	0	151.7604209	258.5426811	129.2741258	150.579732	122.1560544	189.7413193	513.824321	187.1908009	415.6045661	94.79571523	0	104.3895819	121.1680601	154.059467	383.7508909	138.6898433
hsa_circ_0004662	0	304.9090355	0	0	732.5375964	0	677.6087939	305.3901359	1011.953703	415.9530218	80.22462896	110.8278843	213.2903593	61.99243692	78.29218644	727.0083606	0	603.0371142	1479.358328
hsa_circ_0005362	71.79008579	67.75756344	75.47169811	0	517.0853622	323.1853145	0	122.1560544	379.4826387	97.87129924	0	138.5348554	94.79571523	61.99243692	0	484.6722404	500.6932676	877.1448934	184.919791
hsa_circ_0008381	717.9008579	0	490.5660377	455.2812626	3231.783514	2262.297201	1882.24665	855.0923805	3035.861109	1345.730365	668.5385747	720.3812479	450.2796474	888.5582626	861.2140508	0	4044.061008	3837.508909	4206.925246
novel_circ_0002156	0	135.5151269	188.6792453	0	301.6331279	258.5482516	602.3189279	0	189.7413193	367.0173722	267.4154299	110.8278843	236.9892881	330.6263303	208.7791638	484.6722404	308.1189339	438.5724467	970.828903
hsa_circ_0042802	107.6851287	135.5151269	0	0	430.9044685	969.5559434	301.1594639	152.6950679	126.4942129	415.9530218	481.3477738	110.8278843	189.5914305	413.2829128	260.9739548	605.8403005	0	274.1077792	231.1497388
hsa_circ_0039158	215.3702574	67.75756344	0	0	517.0853622	452.4594402	301.1594639	91.61704077	0	318.0817225	401.1231448	526.4324504	94.79571523	82.65658256	339.2661412	424.0882103	1039.901402	219.2862233	0
hsa_circ_0068372	71.79008579	67.75756344	0	0	0	129.2741258	150.579732	0	316.2355322	73.40347443	160.4492579	83.12091322	0	82.65658256	287.0713503	605.8403005	231.0892004	274.1077792	92.45989552
novel_circ_0011221	71.79008579	101.6363452	0	0	86.1808937	0	0	0	316.2355322	0	240.6738869	332.4836529	379.1828609	123.9848738	260.9739548	181.7520901	154.059467	438.5724467	0
novel_circ_0000393	0	101.6363452	150.9433962	0	344.7235748	1228.104195	0	671.858299	0	293.6138977	187.1908009	110.8278843	142.1935729	185.9773108	130.4869774	1090.512541	616.2378678	0	462.2994776
hsa_circ_0005505	933.2711153	1185.75736	1207.54717	556.4548766	7454.647305	3555.038459	0	1496.411666	5692.23958	4869.097137	3369.434416	2216.557686	1256.043227	1901.101399	3966.804113	5452.562704	6200.893545	8168.41182	9477.139291
novel_circ_0011331	107.6851287	0	0	0	301.6331279	0	301.1594639	183.2340815	0	146.8069489	267.4154299	249.3627397	94.79571523	61.99243692	208.7791638	0	154.059467	109.6431117	92.45989552
novel_circ_0001304	107.6851287	0	75.47169811	0	215.4522342	129.2741258	0	0	0	171.2747737	454.6062308	138.5348554	142.1935729	454.6112041	495.8505141	0	308.1189339	0	138.6898433
hsa_circ_0000705	107.6851287	0	0	0	0	323.1853145	301.1594639	61.07802718	379.4826387	97.87129924	133.7077149	0	71.09678643	61.99243692	130.4869774	121.1680601	231.0892004	219.2862233	462.2994776
hsa_circ_0001187	358.9504289	338.7878172	339.6226415	404.6944557	3533.416642	0	978.7682578	152.6950679	3921.3206	440.4208466	187.1908009	277.0697107	94.79571523	413.2829128	287.0713503	3816.793893	5276.536743	5591.798695	2172.807545
novel_circ_0011309	0	101.6363452	113.2075472	0	129.2713405	193.9111887	225.869598	0	0	318.0817225	80.22462896	415.6045661	236.9892881	619.9243692	182.6817684	181.7520901	385.1486674	0	508.5294254
hsa_circ_0008703	107.6851287	0	113.2075472	0	646.3567027	258.5482516	677.6087939	0	379.4826387	367.0173722	454.6062308	277.0697107	308.0860745	247.9697477	313.1687458	363.5041803	192.5743337	438.5724467	92.45989552
hsa_circ_0000896	0	101.6363452	0	0	0	129.2741258	0	855.0923805	0	171.2747737	53.48308597	110.8278843	71.09678643	82.65658256	78.29218644	121.1680601	577.7230011	219.2862233	92.45989552
hsa_circ_0069101	179.4752145	0	0	0	215.4522342	0	225.869598	0	189.7413193	513.824321	240.6738869	138.5348554	308.0860745	392.6187672	260.9739548	0	231.0892004	438.5724467	138.6898433
hsa_circ_0001512	0	203.2726903	0	0	473.9949153	193.9111887	150.579732	274.8511223	379.4826387	342.5495473	160.4492579	332.4836529	189.5914305	123.9848738	104.3895819	727.0083606	231.0892004	931.9664492	277.3796866
hsa_circ_0009035	0	0	150.9433962	0	86.1808937	193.9111887	225.869598	152.6950679	0	244.6782481	240.6738869	0	94.79571523	227.305602	78.29218644	242.3361202	346.6338006	0	693.4492164
novel_circ_0006943	0	203.2726903	0	0	258.5426811	193.9111887	376.4493299	0	252.9884258	440.4208466	427.8646878	360.190624	355.4839321	557.9319323	182.6817684	0	0	493.3940025	462.2994776
hsa_circ_0075854	0	0	113.2075472	0	86.1808937	129.2741258	0	183.2340815	126.4942129	195.7425985	0	83.12091322	0	82.65658256	78.29218644	302.9201502	192.5743337	109.6431117	693.4492164
hsa_circ_0003700	71.79008579	0	301.8867925	0	991.0802775	1163.467132	0	213.7730951	822.2123838	73.40347443	53.48308597	277.0697107	142.1935729	123.9848738	0	363.5041803	1771.68387	1863.932898	554.7593731
hsa_circ_0004161	0	101.6363452	75.47169811	252.9340348	1766.708321	452.4594402	1355.217588	152.6950679	695.7181709	489.3564962	347.6400588	277.0697107	473.9785762	268.6338933	339.2661412	302.9201502	654.7527346	822.3233375	2172.807545
hsa_circ_0006620	0	0	150.9433962	0	517.0853622	258.5482516	0	122.1560544	316.2355322	220.2104233	53.48308597	221.6557686	236.9892881	185.9773108	78.29218644	121.1680601	423.6635341	493.3940025	231.1497388
hsa_circ_0000692	179.4752145	0	0	0	1077.261171	711.0076918	225.869598	0	189.7413193	0	240.6738869	138.5348554	0	185.9773108	130.4869774	363.5041803	808.8122015	931.9664492	138.6898433
novel_circ_0006168	0	0	113.2075472	0	301.6331279	0	301.1594639	91.61704077	0	244.6782481	267.4154299	277.0697107	118.494644	0	182.6817684	363.5041803	231.0892004	0	92.45989552
hsa_circ_0054144	0	0	113.2075472	0	301.6331279	258.5482516	150.579732	458.0852038	0	48.93564962	106.9661719	55.41394215	0	61.99243692	78.29218644	0	500.6932676	219.2862233	693.4492164
hsa_circ_0017438	107.6851287	0	0	0	732.5375964	323.1853145	225.869598	244.3121087	126.4942129	146.8069489	0	138.5348554	0	103.3207282	182.6817684	424.0882103	269.6040672	493.3940025	184.919791
hsa_circ_0000523	0	0	226.4150943	0	0	193.9111887	0	1038.326462	0	513.824321	267.4154299	304.7766818	236.9892881	61.99243692	130.4869774	0	500.6932676	0	1571.818224
hsa_circ_0001240	179.4752145	0	0	0	1077.261171	258.5482516	225.869598	61.07802718	885.4594902	171.2747737	213.9323439	193.9487975	0	61.99243692	0	727.0083606	1155.446002	0	739.6791642
hsa_circ_0027491	71.79008579	0	0	0	86.1808937	193.9111887	0	183.2340815	0	269.1460729	187.1908009	166.2418264	47.39785762	144.6490195	78.29218644	0	192.5743337	0	231.1497388
hsa_circ_0005202	0	0	0	151.7604209	258.5426811	129.2741258	0	0	0	342.5495473	534.8308597	83.12091322	331.7850033	165.3131651	365.3635367	0	77.02973348	219.2862233	0
hsa_circ_0001072	0	101.6363452	0	0	473.9949153	193.9111887	225.869598	1313.177584	316.2355322	122.3391241	0	83.12091322	0	103.3207282	182.6817684	666.4243305	577.7230011	328.929335	0
novel_circ_0001915	107.6851287	0	75.47169811	0	129.2713405	0	376.4493299	0	316.2355322	440.4208466	294.1569729	332.4836529	853.1614371	495.9394954	130.4869774	0	0	109.6431117	462.2994776
hsa_circ_0005398	71.79008579	0	0	0	172.3617874	0	376.4493299	0	0	244.6782481	0	83.12091322	118.494644	185.9773108	104.3895819	0	269.6040672	0	369.8395821
hsa_circ_0002274	0	0	113.2075472	0	603.2662559	323.1853145	0	335.9291495	569.223958	48.93564962	187.1908009	0	0	206.6414564	0	302.9201502	539.2081343	328.929335	369.8395821
hsa_circ_0007332	0	0	113.2075472	0	86.1808937	193.9111887	0	122.1560544	0	293.6138977	320.8985158	110.8278843	0	61.99243692	208.7791638	242.3361202	423.6635341	164.4646675	231.1497388
novel_circ_0001753	107.6851287	0	0	0	258.5426811	0	0	0	0	97.87129924	80.22462896	526.4324504	94.79571523	0	365.3635367	121.1680601	693.2676013	164.4646675	0
hsa_circ_0000311	0	101.6363452	0	0	387.8140216	323.1853145	150.579732	397.0071767	632.4710644	0	53.48308597	138.5348554	0	61.99243692	52.19479096	302.9201502	577.7230011	383.7508909	785.9091119
hsa_circ_0006798	0	0	113.2075472	0	775.6280433	323.1853145	301.1594639	91.61704077	379.4826387	195.7425985	0	110.8278843	118.494644	123.9848738	104.3895819	302.9201502	423.6635341	383.7508909	554.7593731
hsa_circ_0000337	0	101.6363452	0	0	387.8140216	129.2741258	0	122.1560544	126.4942129	146.8069489	0	0	94.79571523	0	0	484.6722404	1078.416269	219.2862233	369.8395821
hsa_circ_0005571	107.6851287	0	0	0	258.5426811	0	150.579732	152.6950679	0	122.3391241	187.1908009	498.7254793	213.2903593	0	0	605.8403005	154.059467	328.929335	462.2994776
hsa_circ_0001487	0	0	0	101.1736139	172.3617874	258.5482516	225.869598	488.6242174	0	269.1460729	187.1908009	55.41394215	189.5914305	185.9773108	234.8765593	121.1680601	192.5743337	0	277.3796866
hsa_circ_0007271	71.79008579	0	0	0	86.1808937	0	0	152.6950679	0	269.1460729	213.9323439	55.41394215	142.1935729	103.3207282	78.29218644	181.7520901	308.1189339	219.2862233	277.3796866
hsa_circ_0005253	0	0	0	0	0	0	0	366.4681631	0	48.93564962	187.1908009	83.12091322	47.39785762	41.32829128	130.4869774	0	115.5446002	0	0
hsa_circ_0001910	143.5801716	0	0	0	473.9949153	387.8223774	225.869598	91.61704077	252.9884258	293.6138977	0	0	236.9892881	0	130.4869774	545.2562704	231.0892004	2028.397566	323.6096343
hsa_circ_0061854	0	0	0	0	0	0	0	0	0	171.2747737	0	83.12091322	118.494644	103.3207282	0	0	77.02973348	164.4646675	0
hsa_circ_0037048	0	0	0	0	0	0	0	61.07802718	0	146.8069489	0	138.5348554	47.39785762	61.99243692	0	181.7520901	192.5743337	0	0
novel_circ_0007699	0	0	0	0	129.2713405	0	0	0	0	73.40347443	80.22462896	166.2418264	165.8925017	144.6490195	78.29218644	0	0	0	0
hsa_circ_0004752	0	0	0	0	0	0	0	183.2340815	189.7413193	73.40347443	106.9661719	193.9487975	0	41.32829128	0	121.1680601	115.5446002	0	138.6898433
hsa_circ_0035923	0	0	0	0	0	0	150.579732	0	0	122.3391241	0	221.6557686	47.39785762	0	78.29218644	0	115.5446002	0	184.919791
hsa_circ_0004451	0	0	0	0	0	193.9111887	0	91.61704077	0	73.40347443	0	83.12091322	94.79571523	103.3207282	182.6817684	0	77.02973348	0	138.6898433
novel_circ_0002749	0	0	0	0	172.3617874	0	0	61.07802718	0	73.40347443	160.4492579	83.12091322	71.09678643	123.9848738	78.29218644	0	0	0	184.919791
hsa_circ_0002004	0	0	0	101.1736139	258.5426811	387.8223774	376.4493299	183.2340815	442.7297451	195.7425985	213.9323439	166.2418264	165.8925017	0	130.4869774	424.0882103	308.1189339	548.2155584	92.45989552
novel_circ_0004089	0	0	0	0	0	0	150.579732	91.61704077	0	171.2747737	53.48308597	55.41394215	94.79571523	0	130.4869774	0	77.02973348	109.6431117	92.45989552
hsa_circ_0003991	0	0	0	0	0	0	0	0	0	391.485197	133.7077149	55.41394215	0	82.65658256	52.19479096	0	0	109.6431117	0
hsa_circ_0056285	0	0	0	0	0	193.9111887	0	122.1560544	379.4826387	48.93564962	0	83.12091322	0	61.99243692	0	181.7520901	346.6338006	0	92.45989552
novel_circ_0011308	0	0	0	0	0	0	0	0	0	0	53.48308597	0	47.39785762	144.6490195	130.4869774	181.7520901	0	0	277.3796866
hsa_circ_0031835	0	0	0	0	0	0	0	0	0	122.3391241	0	83.12091322	0	123.9848738	208.7791638	181.7520901	0	0	138.6898433
hsa_circ_0005927	0	0	0	0	215.4522342	0	0	397.0071767	0	195.7425985	160.4492579	0	47.39785762	61.99243692	78.29218644	121.1680601	154.059467	0	0
hsa_circ_0003429	0	0	0	0	0	0	0	0	0	97.87129924	267.4154299	110.8278843	47.39785762	123.9848738	52.19479096	121.1680601	0	0	0
hsa_circ_0003073	0	0	0	0	0	0	0	152.6950679	126.4942129	171.2747737	0	0	47.39785762	61.99243692	78.29218644	0	115.5446002	164.4646675	184.919791
hsa_circ_0058213	0	0	0	0	258.5426811	129.2741258	0	0	0	97.87129924	0	166.2418264	0	82.65658256	0	181.7520901	0	164.4646675	184.919791
hsa_circ_0020304	0	0	0	0	0	387.8223774	0	91.61704077	189.7413193	146.8069489	0	83.12091322	0	0	0	242.3361202	115.5446002	164.4646675	138.6898433
hsa_circ_0001508	0	67.75756344	0	0	215.4522342	193.9111887	225.869598	152.6950679	0	171.2747737	133.7077149	249.3627397	0	41.32829128	78.29218644	181.7520901	731.782468	383.7508909	323.6096343
hsa_circ_0051680	0	0	0	0	0	129.2741258	150.579732	0	189.7413193	122.3391241	0	55.41394215	71.09678643	0	0	181.7520901	115.5446002	109.6431117	231.1497388
novel_circ_0004101	0	0	0	0	0	0	0	0	252.9884258	0	0	0	71.09678643	82.65658256	234.8765593	242.3361202	77.02973348	0	184.919791
hsa_circ_0004197	0	0	0	0	0	0	225.869598	0	126.4942129	220.2104233	80.22462896	55.41394215	47.39785762	61.99243692	52.19479096	0	0	219.2862233	138.6898433
hsa_circ_0054853	0	0	0	0	86.1808937	0	0	335.9291495	0	73.40347443	80.22462896	55.41394215	0	61.99243692	0	0	154.059467	0	462.2994776
hsa_circ_0004868	0	0	75.47169811	0	818.7184901	452.4594402	225.869598	0	252.9884258	122.3391241	187.1908009	193.9487975	165.8925017	82.65658256	208.7791638	363.5041803	616.2378678	274.1077792	138.6898433
hsa_circ_0067528	0	0	0	0	86.1808937	0	0	0	0	269.1460729	106.9661719	166.2418264	71.09678643	0	182.6817684	0	0	0	92.45989552
novel_circ_0010110	0	0	0	0	86.1808937	323.1853145	0	0	0	122.3391241	160.4492579	83.12091322	71.09678643	61.99243692	130.4869774	302.9201502	0	0	0
hsa_circ_0003209	0	0	0	0	0	0	0	0	0	97.87129924	106.9661719	0	0	82.65658256	52.19479096	0	77.02973348	0	508.5294254
hsa_circ_0006519	0	0	0	0	0	0	0	0	0	171.2747737	0	0	0	330.6263303	52.19479096	0	0	164.4646675	184.919791
hsa_circ_0003151	0	0	0	0	0	0	0	122.1560544	0	97.87129924	213.9323439	0	47.39785762	185.9773108	0	0	154.059467	0	184.919791
hsa_circ_0007167	0	0	0	0	86.1808937	0	376.4493299	152.6950679	189.7413193	73.40347443	80.22462896	166.2418264	0	41.32829128	52.19479096	0	269.6040672	0	231.1497388
hsa_circ_0002569	0	0	0	0	172.3617874	193.9111887	0	152.6950679	0	48.93564962	0	0	0	82.65658256	0	121.1680601	231.0892004	219.2862233	231.1497388
novel_circ_0015006	0	0	0	0	129.2713405	193.9111887	225.869598	183.2340815	252.9884258	0	0	55.41394215	71.09678643	165.3131651	0	121.1680601	308.1189339	0	184.919791
novel_circ_0011075	0	0	0	0	172.3617874	193.9111887	150.579732	0	316.2355322	73.40347443	0	83.12091322	0	144.6490195	0	242.3361202	192.5743337	109.6431117	138.6898433
hsa_circ_0002494	71.79008579	0	0	0	0	0	376.4493299	0	316.2355322	146.8069489	588.3139457	110.8278843	0	144.6490195	469.7531186	727.0083606	231.0892004	219.2862233	92.45989552
novel_circ_0009035	0	0	0	0	0	0	150.579732	0	0	146.8069489	106.9661719	249.3627397	94.79571523	82.65658256	0	0	154.059467	0	92.45989552
hsa_circ_0015027	0	0	0	0	0	129.2741258	0	0	0	97.87129924	0	0	94.79571523	0	339.2661412	242.3361202	0	219.2862233	0
novel_circ_0001715	0	0	0	0	86.1808937	0	301.1594639	0	0	195.7425985	0	0	71.09678643	61.99243692	156.5843729	0	154.059467	219.2862233	92.45989552
hsa_circ_0002338	0	0	0	0	172.3617874	323.1853145	0	91.61704077	252.9884258	97.87129924	160.4492579	110.8278843	0	165.3131651	156.5843729	181.7520901	0	0	138.6898433
hsa_circ_0067991	0	0	0	0	129.2713405	0	0	0	0	97.87129924	0	193.9487975	71.09678643	0	52.19479096	121.1680601	308.1189339	0	138.6898433
novel_circ_0014156	0	0	0	0	0	0	0	0	0	146.8069489	160.4492579	83.12091322	0	0	313.1687458	0	115.5446002	0	184.919791
novel_circ_0005700	0	0	0	0	0	0	0	0	0	489.3564962	160.4492579	0	47.39785762	0	0	181.7520901	0	0	184.919791
novel_circ_0007266	0	0	0	0	344.7235748	193.9111887	0	0	189.7413193	0	133.7077149	277.0697107	0	0	52.19479096	181.7520901	269.6040672	0	92.45989552
novel_circ_0000503	0	0	0	0	258.5426811	0	451.7391959	0	189.7413193	146.8069489	0	83.12091322	0	165.3131651	52.19479096	0	154.059467	164.4646675	231.1497388
novel_circ_0008758	0	0	0	0	0	0	0	0	126.4942129	171.2747737	133.7077149	83.12091322	142.1935729	413.2829128	0	0	0	0	0
hsa_circ_0008866	0	0	0	0	0	0	0	274.8511223	0	122.3391241	267.4154299	0	118.494644	123.9848738	0	302.9201502	77.02973348	0	0
novel_circ_0014181	0	0	0	0	86.1808937	0	0	0	0	171.2747737	0	83.12091322	0	0	78.29218644	0	346.6338006	0	323.6096343
novel_circ_0008882	71.79008579	0	0	0	517.0853622	129.2741258	0	0	189.7413193	318.0817225	106.9661719	166.2418264	0	185.9773108	130.4869774	0	577.7230011	0	1294.438537
novel_circ_0013063	0	0	0	0	0	0	376.4493299	0	252.9884258	122.3391241	347.6400588	0	165.8925017	0	0	0	0	109.6431117	231.1497388
novel_circ_0006215	0	0	0	0	0	387.8223774	150.579732	0	0	0	0	0	0	82.65658256	0	242.3361202	231.0892004	164.4646675	323.6096343
hsa_circ_0007797	0	0	0	0	172.3617874	0	0	122.1560544	0	0	133.7077149	193.9487975	47.39785762	61.99243692	0	181.7520901	231.0892004	164.4646675	0
hsa_circ_0007682	0	0	0	0	172.3617874	193.9111887	150.579732	0	0	146.8069489	133.7077149	110.8278843	0	82.65658256	104.3895819	302.9201502	0	219.2862233	0
hsa_circ_0001083	0	0	0	0	0	0	225.869598	824.5533669	0	73.40347443	53.48308597	83.12091322	0	123.9848738	208.7791638	0	308.1189339	164.4646675	0
hsa_circ_0002041	0	0	0	0	0	0	0	763.4753397	0	0	133.7077149	83.12091322	0	41.32829128	0	0	192.5743337	0	600.9893209
novel_circ_0014388	0	0	0	0	0	0	0	0	316.2355322	0	160.4492579	83.12091322	71.09678643	0	0	484.6722404	0	328.929335	0
hsa_circ_0006012	0	0	0	0	0	0	0	0	0	269.1460729	0	0	0	268.6338933	0	302.9201502	115.5446002	0	184.919791
hsa_circ_0005361	0	0	0	0	0	0	376.4493299	91.61704077	0	146.8069489	53.48308597	221.6557686	0	0	104.3895819	121.1680601	308.1189339	0	138.6898433
hsa_circ_0004313	0	0	0	0	0	129.2741258	0	0	252.9884258	48.93564962	106.9661719	83.12091322	47.39785762	123.9848738	104.3895819	0	77.02973348	383.7508909	92.45989552
hsa_circ_0008078	0	0	0	0	215.4522342	0	0	0	0	0	374.3816018	0	213.2903593	0	78.29218644	121.1680601	231.0892004	0	0
novel_circ_0003486	0	0	0	0	86.1808937	387.8223774	225.869598	366.4681631	0	73.40347443	133.7077149	221.6557686	47.39785762	0	182.6817684	121.1680601	192.5743337	109.6431117	0
novel_circ_0015482	0	0	0	0	0	0	225.869598	91.61704077	0	122.3391241	0	138.5348554	47.39785762	0	0	121.1680601	154.059467	383.7508909	138.6898433
hsa_circ_0006431	0	0	0	0	129.2713405	0	150.579732	0	0	48.93564962	106.9661719	221.6557686	0	41.32829128	104.3895819	0	269.6040672	109.6431117	184.919791
hsa_circ_0070680	0	0	0	0	0	0	301.1594639	183.2340815	252.9884258	171.2747737	80.22462896	166.2418264	0	61.99243692	130.4869774	0	77.02973348	328.929335	92.45989552
hsa_circ_0045842	0	0	0	0	0	0	0	519.163231	0	73.40347443	53.48308597	193.9487975	0	0	182.6817684	181.7520901	115.5446002	0	369.8395821
hsa_circ_0000816	0	0	0	0	0	193.9111887	225.869598	213.7730951	0	73.40347443	0	0	0	0	52.19479096	242.3361202	269.6040672	493.3940025	0
novel_circ_0014239	0	0	0	0	344.7235748	0	301.1594639	91.61704077	0	48.93564962	0	0	47.39785762	0	0	242.3361202	0	164.4646675	693.4492164
novel_circ_0008754	0	0	0	0	0	0	150.579732	0	0	48.93564962	240.6738869	83.12091322	118.494644	206.6414564	234.8765593	0	0	0	184.919791
hsa_circ_0058528	0	0	0	0	344.7235748	0	150.579732	0	0	0	106.9661719	55.41394215	94.79571523	144.6490195	339.2661412	0	192.5743337	0	184.919791
hsa_circ_0002655	0	0	0	0	258.5426811	0	0	0	0	171.2747737	160.4492579	83.12091322	0	0	78.29218644	121.1680601	231.0892004	164.4646675	184.919791
hsa_circ_0006804	0	0	0	0	215.4522342	323.1853145	0	122.1560544	189.7413193	0	0	55.41394215	0	0	0	302.9201502	308.1189339	383.7508909	138.6898433
hsa_circ_0000936	0	0	0	0	473.9949153	258.5482516	0	152.6950679	126.4942129	122.3391241	133.7077149	55.41394215	0	0	0	424.0882103	154.059467	274.1077792	92.45989552
novel_circ_0014884	0	0	0	0	0	0	0	122.1560544	126.4942129	0	240.6738869	83.12091322	189.5914305	185.9773108	156.5843729	0	0	0	277.3796866
hsa_circ_0043403	0	0	0	0	86.1808937	129.2741258	225.869598	0	0	146.8069489	133.7077149	83.12091322	71.09678643	123.9848738	78.29218644	242.3361202	192.5743337	0	138.6898433
novel_circ_0001914	0	0	0	0	0	0	0	0	126.4942129	122.3391241	106.9661719	304.7766818	213.2903593	82.65658256	234.8765593	0	77.02973348	0	0
hsa_circ_0006050	143.5801716	0	0	0	1206.532512	1680.563635	1279.927722	183.2340815	2466.637151	146.8069489	80.22462896	166.2418264	71.09678643	0	130.4869774	1332.848661	2387.921738	1315.71734	693.4492164
novel_circ_0001614	0	0	0	0	0	0	150.579732	0	0	0	240.6738869	249.3627397	0	0	234.8765593	121.1680601	192.5743337	0	231.1497388
novel_circ_0008757	107.6851287	0	75.47169811	0	215.4522342	0	978.7682578	0	189.7413193	0	320.8985158	0	142.1935729	909.2224082	5062.894723	181.7520901	346.6338006	383.7508909	924.5989552
hsa_circ_0006910	0	0	0	0	129.2713405	0	150.579732	152.6950679	126.4942129	171.2747737	187.1908009	110.8278843	118.494644	123.9848738	391.4609322	0	115.5446002	0	0
hsa_circ_0001599	0	67.75756344	0	0	473.9949153	258.5482516	225.869598	213.7730951	0	146.8069489	53.48308597	0	0	103.3207282	182.6817684	424.0882103	1232.475736	657.85867	647.2192686
novel_circ_0006944	0	0	0	0	215.4522342	193.9111887	0	0	505.9768516	195.7425985	0	83.12091322	47.39785762	0	0	242.3361202	154.059467	383.7508909	231.1497388
hsa_circ_0046883	0	0	0	0	0	258.5482516	0	0	0	146.8069489	0	55.41394215	142.1935729	61.99243692	156.5843729	0	154.059467	383.7508909	184.919791
novel_circ_0007703	0	0	0	0	129.2713405	0	225.869598	0	0	244.6782481	0	166.2418264	189.5914305	123.9848738	0	0	0	328.929335	231.1497388
hsa_circ_0035796	0	0	0	0	172.3617874	0	376.4493299	641.3192854	126.4942129	0	160.4492579	83.12091322	0	82.65658256	130.4869774	0	192.5743337	383.7508909	277.3796866
hsa_circ_0002479	0	0	0	0	86.1808937	0	376.4493299	0	0	342.5495473	106.9661719	138.5348554	0	0	104.3895819	0	269.6040672	0	416.0695298
hsa_circ_0032384	0	0	0	0	0	0	0	0	379.4826387	97.87129924	106.9661719	0	0	185.9773108	313.1687458	181.7520901	308.1189339	164.4646675	0
hsa_circ_0006612	0	0	0	0	172.3617874	0	0	0	379.4826387	171.2747737	160.4492579	443.3115372	71.09678643	82.65658256	130.4869774	0	115.5446002	0	184.919791
novel_circ_0013119	0	0	0	0	0	0	301.1594639	0	0	122.3391241	267.4154299	221.6557686	47.39785762	41.32829128	104.3895819	181.7520901	192.5743337	0	231.1497388
novel_circ_0014709	0	0	0	0	215.4522342	0	0	0	0	97.87129924	53.48308597	110.8278843	213.2903593	0	0	302.9201502	308.1189339	328.929335	0
novel_circ_0001127	0	0	0	0	430.9044685	258.5482516	0	91.61704077	189.7413193	73.40347443	0	0	0	0	0	605.8403005	231.0892004	493.3940025	138.6898433
hsa_circ_0000880	0	0	0	0	344.7235748	387.8223774	301.1594639	122.1560544	189.7413193	48.93564962	0	0	0	0	0	545.2562704	423.6635341	328.929335	184.919791
hsa_circ_0004412	0	0	0	0	215.4522342	129.2741258	0	183.2340815	126.4942129	122.3391241	80.22462896	55.41394215	0	123.9848738	0	363.5041803	385.1486674	438.5724467	0
novel_circ_0001866	0	0	0	0	0	193.9111887	0	0	0	440.4208466	213.9323439	166.2418264	331.7850033	103.3207282	0	0	0	219.2862233	0
hsa_circ_0008303	0	0	0	0	172.3617874	0	150.579732	305.3901359	0	171.2747737	133.7077149	415.6045661	0	144.6490195	52.19479096	0	308.1189339	0	369.8395821
hsa_circ_0071384	0	0	0	0	517.0853622	0	0	0	126.4942129	97.87129924	0	83.12091322	0	82.65658256	0	0	616.2378678	493.3940025	184.919791
novel_circ_0014715	0	0	0	0	0	0	0	0	126.4942129	73.40347443	0	387.897595	0	723.2450974	52.19479096	0	77.02973348	328.929335	0
novel_circ_0014157	0	0	0	0	0	0	225.869598	0	0	513.824321	160.4492579	138.5348554	0	0	391.4609322	181.7520901	308.1189339	0	92.45989552
hsa_circ_0009061	0	0	0	0	387.8140216	517.0965031	0	855.0923805	126.4942129	48.93564962	80.22462896	110.8278843	71.09678643	103.3207282	0	181.7520901	308.1189339	657.85867	184.919791
novel_circ_0000445	0	0	0	0	215.4522342	0	0	152.6950679	0	244.6782481	320.8985158	83.12091322	0	103.3207282	443.6557232	0	192.5743337	0	508.5294254
hsa_circ_0004361	0	0	0	0	258.5426811	193.9111887	527.0290619	91.61704077	252.9884258	220.2104233	240.6738869	0	0	61.99243692	104.3895819	848.1764207	77.02973348	548.2155584	0
hsa_circ_0008362	0	0	0	0	473.9949153	0	0	763.4753397	126.4942129	244.6782481	0	83.12091322	0	0	104.3895819	181.7520901	577.7230011	109.6431117	693.4492164
hsa_circ_0047552	0	0	0	0	646.3567027	129.2741258	0	427.5461903	252.9884258	48.93564962	133.7077149	166.2418264	47.39785762	61.99243692	0	0	847.3270682	274.1077792	462.2994776
novel_circ_0006907	0	0	0	0	86.1808937	193.9111887	376.4493299	0	316.2355322	0	0	0	0	0	104.3895819	1090.512541	423.6635341	493.3940025	184.919791
hsa_circ_0001523	0	0	0	0	1335.803852	323.1853145	150.579732	0	189.7413193	293.6138977	80.22462896	0	142.1935729	413.2829128	0	121.1680601	192.5743337	657.85867	323.6096343
novel_circ_0008466	0	0	0	0	344.7235748	0	0	0	0	440.4208466	240.6738869	0	0	247.9697477	835.1166554	0	269.6040672	109.6431117	184.919791
hsa_circ_0001808	0	0	0	0	0	387.8223774	376.4493299	244.3121087	316.2355322	0	0	138.5348554	0	0	52.19479096	424.0882103	654.7527346	877.1448934	92.45989552
hsa_circ_0006550	0	0	0	0	301.6331279	258.5482516	0	91.61704077	126.4942129	269.1460729	80.22462896	83.12091322	0	61.99243692	104.3895819	181.7520901	231.0892004	767.5017817	647.2192686
hsa_circ_0001600	0	0	0	0	172.3617874	387.8223774	225.869598	91.61704077	0	195.7425985	160.4492579	83.12091322	0	123.9848738	600.240096	181.7520901	731.782468	0	323.6096343
novel_circ_0004337	0	0	0	0	0	0	301.1594639	0	0	1296.794715	0	0	0	0	0	666.4243305	115.5446002	164.4646675	508.5294254
novel_circ_0013254	0	0	0	0	129.2713405	129.2741258	376.4493299	122.1560544	126.4942129	171.2747737	160.4492579	110.8278843	0	103.3207282	600.240096	363.5041803	885.841935	0	508.5294254
hsa_circ_0002601	0	0	0	0	646.3567027	1357.378321	451.7391959	702.3973126	505.9768516	73.40347443	0	0	0	0	52.19479096	787.5923906	770.2973348	877.1448934	416.0695298
hsa_circ_0000478	0	0	0	0	818.7184901	387.8223774	527.0290619	488.6242174	126.4942129	146.8069489	106.9661719	0	71.09678643	82.65658256	600.240096	605.8403005	693.2676013	986.788005	231.1497388
novel_circ_0000061	0	0	0	0	732.5375964	452.4594402	150.579732	244.3121087	252.9884258	220.2104233	481.3477738	221.6557686	165.8925017	144.6490195	313.1687458	787.5923906	1579.109536	493.3940025	369.8395821
hsa_circ_0089972	0	0	0	0	991.0802775	1486.652447	0	244.3121087	505.9768516	0	0	83.12091322	0	82.65658256	0	424.0882103	731.782468	3124.828683	462.2994776
hsa_circ_0005806	0	0	0	0	1594.346533	2391.571327	602.3189279	671.858299	1075.20081	0	0	0	71.09678643	0	130.4869774	1332.848661	1579.109536	2302.505345	416.0695298
hsa_circ_0001947	0	0	0	0	8531.908476	16547.0881	0	0	13028.90393	0	0	0	0	0	0	18114.62498	8396.240949	14746.99852	0
